Expression,Expression_length,Expression_established_position,Expression_uttered_position_speaker1,Expression_uttered_position_speaker2,file,speaker1,speaker2
make,1,1,"[0, 87, 399]","[1, 84, 142, 208, 340, 342, 398]",SCEL.tsv,S0115,S0037
what be,2,23,"[0, 243, 273, 279, 411, 413]",[23],SCEL.tsv,S0115,S0037
yeah,1,7,"[2, 4, 8, 10, 12, 16, 26, 30, 34, 36, 38, 40, 44, 50, 52, 56, 63, 65, 69, 71, 73, 77, 79, 83, 99, 113, 115, 117, 125, 131, 135, 149, 151, 153, 159, 161, 173, 183, 185, 189, 197, 213, 239, 241, 243, 255, 257, 268, 269, 283, 293, 307, 321, 335, 353, 395, 405, 407, 409, 413, 423, 425]","[7, 19, 45, 61, 72, 94, 110, 118, 122, 128, 132, 146, 156, 158, 162, 166, 168, 180, 184, 192, 202, 204, 206, 232, 244, 248, 252, 256, 258, 278, 280, 284, 288, 290, 302, 314, 326, 332, 334, 344, 352, 354, 356, 362, 364, 368, 374, 376, 380, 384, 386, 388, 390, 412, 416, 422, 428]",SCEL.tsv,S0115,S0037
it look,2,5,[4],"[5, 37]",SCEL.tsv,S0115,S0037
one,1,13,"[4, 10, 12, 18, 38, 77, 133, 137, 157, 169, 255, 257, 261, 289, 353, 381]","[13, 15, 17, 19, 23, 152, 160, 188, 238, 240, 258, 276, 384, 406, 47, 194]",SCEL.tsv,S0115,S0037
look,1,15,"[4, 28, 95, 97, 268]","[15, 37, 66, 84, 94, 100, 112, 406]",SCEL.tsv,S0115,S0037
that one,2,47,"[4, 10, 12, 38, 381]","[47, 194, 240]",SCEL.tsv,S0115,S0037
like,1,6,"[6, 18, 71, 87, 115, 121, 133, 137, 155, 165, 245, 289, 293, 313, 315, 323, 328, 331, 353, 361, 371, 379, 381, 387, 389, 391]","[5, 9, 11, 13, 17, 19, 21, 23, 25, 27, 33, 37, 39, 41, 47, 49, 51, 53, 55, 59, 62, 66, 68, 70, 72, 78, 82, 84, 86, 88, 92, 94, 100, 106, 108, 112, 114, 130, 134, 140, 142, 148, 150, 160, 166, 188, 194, 198, 210, 212, 240, 244, 248, 258, 260, 264, 294, 296, 298, 316, 320, 322, 326, 350, 352, 362, 368, 372, 378, 384, 386, 392, 394, 400, 404, 406, 418, 420, 422, 424]",SCEL.tsv,S0115,S0037
like a,2,13,"[6, 133, 331, 353, 389, 391]","[13, 25, 33, 72, 84, 134, 210, 212, 248, 406, 142]",SCEL.tsv,S0115,S0037
like like,2,49,"[6, 289]","[49, 112, 240]",SCEL.tsv,S0115,S0037
a like a,3,142,[6],[142],SCEL.tsv,S0115,S0037
or something,2,150,"[6, 145, 147, 161, 173, 179, 187, 205, 211, 237, 266, 268, 293, 387, 413]","[150, 372]",SCEL.tsv,S0115,S0037
something,1,406,"[6, 115, 145, 147, 161, 173, 179, 187, 205, 211, 237, 266, 268, 293, 343, 371, 385, 387, 391, 413]",[406],SCEL.tsv,S0115,S0037
the end,2,10,[10],[5],SCEL.tsv,S0115,S0037
bite,1,10,"[10, 32, 95, 317, 389]","[5, 37, 94, 134, 316, 320, 406, 420]",SCEL.tsv,S0115,S0037
end,1,10,[10],"[5, 9]",SCEL.tsv,S0115,S0037
can see,2,10,[10],[9],SCEL.tsv,S0115,S0037
see,1,10,"[10, 189, 371, 395]","[9, 33, 37, 55, 88, 94, 148, 160, 162, 182, 188, 282]",SCEL.tsv,S0115,S0037
ones,1,11,"[10, 71, 261, 353, 361]","[11, 15, 66]",SCEL.tsv,S0115,S0037
yeah i,2,19,"[10, 125, 131, 135, 239, 241, 353]","[19, 94, 110, 362]",SCEL.tsv,S0115,S0037
and i,2,37,"[10, 353]","[37, 39, 94, 406, 414]",SCEL.tsv,S0115,S0037
yeah and,2,45,"[10, 38, 268]","[45, 258]",SCEL.tsv,S0115,S0037
uh,1,66,"[10, 34, 40, 42, 54, 75, 87, 95, 97, 101, 105, 117, 119, 123, 133, 139, 143, 147, 151, 153, 159, 161, 163, 165, 169, 179, 181, 183, 185, 191, 197, 201, 203, 205, 207, 209, 211, 213, 225, 235, 237, 243, 245, 249, 251, 253, 255, 263, 270, 277, 279, 283, 287, 291, 301, 303, 309, 323, 331, 335, 339, 341, 343, 345, 353, 357, 367, 375, 377, 383, 387, 397, 413, 417, 421, 429]","[66, 120, 164, 190, 212, 216, 276, 286, 334, 402]",SCEL.tsv,S0115,S0037
point,1,94,"[10, 18]",[94],SCEL.tsv,S0115,S0037
obviously,1,142,"[10, 167, 211]","[142, 350]",SCEL.tsv,S0115,S0037
oh yeah,2,146,"[10, 115, 151, 161, 197, 353]","[146, 180, 184, 244, 248, 280, 284, 380, 258]",SCEL.tsv,S0115,S0037
there be,2,240,"[10, 159, 179, 229, 241, 243, 257, 347, 363, 427]","[240, 288]",SCEL.tsv,S0115,S0037
oh yeah and,3,258,[10],[258],SCEL.tsv,S0115,S0037
at the,2,352,"[10, 201, 347, 401]","[352, 404, 406]",SCEL.tsv,S0115,S0037
millimetres,1,35,[12],[35],SCEL.tsv,S0115,S0037
yeah yeah,2,248,"[12, 63, 73, 243]","[248, 334, 374]",SCEL.tsv,S0115,S0037
that's,1,37,"[14, 42, 56, 121, 123, 127, 227, 285, 311, 328, 391, 415]","[37, 51, 62, 78, 162, 204, 206, 248, 258, 326, 366]",SCEL.tsv,S0115,S0037
well,1,18,"[18, 109, 113, 143, 183, 189, 289, 311, 313, 328, 329, 361, 367, 373, 395, 415, 423]","[1, 51, 61, 86, 98, 102, 142, 170, 176, 316, 342, 344]",SCEL.tsv,S0115,S0037
this one,2,18,[18],[17],SCEL.tsv,S0115,S0037
three,1,18,[18],"[17, 19, 35]",SCEL.tsv,S0115,S0037
half,1,19,[18],"[19, 35]",SCEL.tsv,S0115,S0037
sort of,2,37,"[18, 22, 28, 87, 97, 101, 105, 115, 121, 133, 139, 141, 143, 145, 155, 165, 167, 169, 183, 191, 201, 227, 243, 257, 261, 265, 266, 270, 283, 301, 331, 343, 355, 375, 385, 389, 391, 395, 397]","[37, 66, 94, 260, 320, 378, 394, 406]",SCEL.tsv,S0115,S0037
so if,2,72,[18],[72],SCEL.tsv,S0115,S0037
if this be,3,114,[18],[114],SCEL.tsv,S0115,S0037
one that,2,194,[18],[194],SCEL.tsv,S0115,S0037
it's probably,2,218,[18],[218],SCEL.tsv,S0115,S0037
probably,1,218,"[18, 285, 299, 397, 421]","[218, 236, 342]",SCEL.tsv,S0115,S0037
isn't it,2,366,"[18, 391]",[366],SCEL.tsv,S0115,S0037
can't,1,20,[20],[17],SCEL.tsv,S0115,S0037
you can't,2,21,[20],"[21, 112, 384]",SCEL.tsv,S0115,S0037
you can,2,22,[22],"[11, 13, 348]",SCEL.tsv,S0115,S0037
get,1,22,"[22, 46, 56, 109, 167, 169, 189, 211, 225, 229, 235, 237, 270, 271, 283, 301, 361, 411, 423, 427]","[11, 13, 15, 23, 41, 142, 198, 212, 222, 322, 394, 352]",SCEL.tsv,S0115,S0037
measure,1,27,[22],[27],SCEL.tsv,S0115,S0037
have to,2,49,"[22, 34, 36, 283, 331]","[49, 112, 188, 350, 352]",SCEL.tsv,S0115,S0037
to get,2,352,"[22, 283]",[352],SCEL.tsv,S0115,S0037
do it,2,37,"[24, 301, 371]","[37, 212]",SCEL.tsv,S0115,S0037
just a,2,94,"[24, 165, 195, 311]","[94, 194, 404]",SCEL.tsv,S0115,S0037
not not,2,402,[24],[402],SCEL.tsv,S0115,S0037
things,1,37,"[26, 101, 121, 125, 139, 257, 379]","[37, 49, 84, 130, 182, 426]",SCEL.tsv,S0115,S0037
but um,2,28,"[28, 185, 245, 411]",[7],SCEL.tsv,S0115,S0037
um,1,28,"[28, 44, 58, 73, 91, 95, 97, 105, 107, 121, 123, 127, 131, 133, 139, 143, 153, 157, 159, 163, 165, 167, 169, 179, 185, 189, 193, 209, 211, 213, 215, 227, 233, 237, 243, 245, 251, 257, 261, 268, 281, 283, 287, 301, 335, 347, 349, 353, 357, 375, 383, 385, 397, 411, 427]","[9, 11, 23, 29, 49, 62, 66, 88, 240, 394]",SCEL.tsv,S0115,S0037
could,1,100,"[28, 237, 429]","[100, 236]",SCEL.tsv,S0115,S0037
a bite,2,32,"[32, 317, 389]","[5, 94, 134, 316, 320, 406]",SCEL.tsv,S0115,S0037
be a,2,124,"[32, 205, 229, 235, 241, 243, 287, 331, 347, 375, 385]","[124, 288]",SCEL.tsv,S0115,S0037
to be,2,124,"[34, 117, 331]","[124, 400]",SCEL.tsv,S0115,S0037
think,1,38,"[38, 85, 95, 97, 113, 115, 119, 127, 153, 157, 225, 239, 241, 243, 255, 257, 261, 283, 309, 313, 329, 331, 341, 347, 369, 385, 397, 419, 421]","[1, 5, 11, 43, 76, 82, 84, 96, 98, 100, 140, 166, 178, 216, 324, 352, 370, 394, 398, 400, 406, 418, 422, 104, 106, 108, 208, 292, 294, 298]",SCEL.tsv,S0115,S0037
so you,2,38,[38],"[13, 348]",SCEL.tsv,S0115,S0037
you think,2,104,[38],"[104, 106, 108, 208, 292, 294, 298]",SCEL.tsv,S0115,S0037
different,1,40,"[40, 105, 125, 165, 335, 373]","[37, 258, 41]",SCEL.tsv,S0115,S0037
all different,2,41,[40],[41],SCEL.tsv,S0115,S0037
hat,1,42,"[42, 46]","[1, 43, 106, 414]",SCEL.tsv,S0115,S0037
be it,2,42,"[42, 105, 115, 179, 243, 311, 351, 401]","[37, 112, 116, 154, 294, 296]",SCEL.tsv,S0115,S0037
that's a,2,51,[42],"[51, 258]",SCEL.tsv,S0115,S0037
get a,2,198,"[46, 56, 211, 237, 301]",[198],SCEL.tsv,S0115,S0037
need,1,48,"[48, 133]","[23, 130, 96]",SCEL.tsv,S0115,S0037
you need,2,96,[48],[96],SCEL.tsv,S0115,S0037
there's,1,54,"[54, 77, 129, 165, 169, 171, 175, 179, 189, 243, 259, 266, 283, 355]","[47, 49, 66, 144, 170, 360]",SCEL.tsv,S0115,S0037
there's a,2,54,"[54, 129, 266, 283, 355]",[49],SCEL.tsv,S0115,S0037
pink,1,55,"[54, 117, 201]","[55, 114]",SCEL.tsv,S0115,S0037
bits,1,56,[56],[55],SCEL.tsv,S0115,S0037
a lot,2,78,"[56, 121, 129, 185, 203, 266, 301, 355, 415]","[78, 144, 406]",SCEL.tsv,S0115,S0037
lot,1,78,[56],[78],SCEL.tsv,S0115,S0037
lot of,2,130,"[56, 121, 129, 185, 301, 355, 415]","[130, 144, 406]",SCEL.tsv,S0115,S0037
a lot of,3,144,"[56, 121, 129, 185, 301, 355, 415]","[144, 406]",SCEL.tsv,S0115,S0037
they be,2,58,"[58, 60, 266]","[9, 11, 112, 114]",SCEL.tsv,S0115,S0037
it yeah,2,422,[65],[422],SCEL.tsv,S0115,S0037
right,1,67,[67],"[15, 37, 39, 114, 142, 162, 204, 206, 248]",SCEL.tsv,S0115,S0037
like doctor marten,3,71,[71],[70],SCEL.tsv,S0115,S0037
yeah like,2,72,[71],[72],SCEL.tsv,S0115,S0037
i mean,2,75,"[75, 87, 103, 107, 111, 125, 169, 307, 328, 331, 361, 373, 389, 423]","[5, 25, 53, 78, 82, 94, 106, 128, 130, 254, 316, 350]",SCEL.tsv,S0115,S0037
knit,1,75,"[75, 77, 95, 97, 399, 401, 411]","[9, 13, 39, 43, 49, 62, 66, 68, 70, 78, 84, 400, 404, 406]",SCEL.tsv,S0115,S0037
pretty,1,75,[75],"[31, 49, 74, 202]",SCEL.tsv,S0115,S0037
stuff,1,75,"[75, 183, 185, 309]","[41, 49, 66, 130, 188, 370]",SCEL.tsv,S0115,S0037
baby,1,75,"[75, 87, 97, 109, 111]","[49, 66, 72, 84, 88, 112, 130]",SCEL.tsv,S0115,S0037
so it's,2,75,"[75, 405]","[62, 406]",SCEL.tsv,S0115,S0037
baby i,2,75,"[75, 97]",[72],SCEL.tsv,S0115,S0037
be the,2,114,"[75, 243, 261, 273, 351, 373, 385]","[114, 166, 246, 406]",SCEL.tsv,S0115,S0037
happen,1,166,[75],[166],SCEL.tsv,S0115,S0037
mean,1,338,"[75, 87, 103, 105, 107, 111, 125, 169, 197, 199, 307, 317, 328, 331, 335, 361, 373, 389, 423]","[338, 350]",SCEL.tsv,S0115,S0037
anything,1,100,[77],[100],SCEL.tsv,S0115,S0037
cos,1,81,"[81, 109, 117, 165, 169, 185, 227, 287, 301, 347, 391]","[9, 84, 190, 210]",SCEL.tsv,S0115,S0037
but i,2,85,"[85, 209, 231, 289, 329, 419]","[13, 15, 17, 80, 98, 128, 130, 350, 394]",SCEL.tsv,S0115,S0037
i would've,2,418,"[85, 221]",[418],SCEL.tsv,S0115,S0037
uh like,2,87,"[87, 353]",[66],SCEL.tsv,S0115,S0037
family,1,87,"[87, 211]",[78],SCEL.tsv,S0115,S0037
baby be,2,112,"[87, 111]",[112],SCEL.tsv,S0115,S0037
to have,2,352,[87],[352],SCEL.tsv,S0115,S0037
less,1,406,[87],[406],SCEL.tsv,S0115,S0037
alright,1,89,[89],"[64, 408]",SCEL.tsv,S0115,S0037
really,1,93,"[93, 125, 135, 141, 147, 213, 313, 328, 331, 419]","[5, 27, 39, 47, 49, 62, 66, 90, 92, 100, 148, 166, 240, 310, 378, 394, 402, 406]",SCEL.tsv,S0115,S0037
i don't,2,95,"[95, 97, 117, 125, 135, 147, 177, 211, 217, 231, 273, 329, 335, 339, 353, 389]","[5, 17, 76, 80, 102, 112, 130, 134, 136, 148, 186, 230, 234, 282, 96, 98, 352]",SCEL.tsv,S0115,S0037
in the,2,95,"[95, 169, 203, 265, 361, 365]","[9, 96, 114, 348, 37]",SCEL.tsv,S0115,S0037
look in the,3,95,[95],[37],SCEL.tsv,S0115,S0037
no i don't think,4,96,[95],[96],SCEL.tsv,S0115,S0037
either,1,96,[95],[96],SCEL.tsv,S0115,S0037
i don't think,3,98,"[95, 97, 329]","[98, 352]",SCEL.tsv,S0115,S0037
no i,2,404,"[95, 313, 353, 389]",[404],SCEL.tsv,S0115,S0037
chavvy,1,97,"[97, 105]","[82, 92, 100]",SCEL.tsv,S0115,S0037
much,1,101,"[101, 135, 245]","[49, 188]",SCEL.tsv,S0115,S0037
that be,2,101,"[101, 203, 213, 235, 289, 349, 375, 381, 389]","[57, 92, 194, 202, 222, 406]",SCEL.tsv,S0115,S0037
suppose,1,103,"[103, 129, 209, 331, 353]","[39, 72, 130, 188, 400]",SCEL.tsv,S0115,S0037
so it,2,112,"[103, 231]",[112],SCEL.tsv,S0115,S0037
of the,2,105,"[105, 185, 191, 243, 261, 265, 273, 353, 397, 415]","[88, 406]",SCEL.tsv,S0115,S0037
it depend,2,107,[107],[98],SCEL.tsv,S0115,S0037
just get,2,109,[109],[41],SCEL.tsv,S0115,S0037
they're,1,109,"[109, 243, 261, 331]","[49, 51]",SCEL.tsv,S0115,S0037
cos they,2,109,"[109, 287]","[84, 210]",SCEL.tsv,S0115,S0037
the baby,2,109,[109],[88],SCEL.tsv,S0115,S0037
wear,1,109,"[109, 127, 133, 137]","[104, 106, 114]",SCEL.tsv,S0115,S0037
they just,2,112,"[109, 251]","[112, 352]",SCEL.tsv,S0115,S0037
everything,1,304,[109],[304],SCEL.tsv,S0115,S0037
put,1,111,[111],[13],SCEL.tsv,S0115,S0037
be i,2,111,"[111, 389, 413]",[17],SCEL.tsv,S0115,S0037
be they,2,111,[111],"[23, 57, 406]",SCEL.tsv,S0115,S0037
always,1,111,"[111, 125, 223, 331]","[37, 406]",SCEL.tsv,S0115,S0037
might,1,111,[111],[49],SCEL.tsv,S0115,S0037
some of,2,111,"[111, 191, 243, 261, 397, 419, 421]","[64, 88, 422]",SCEL.tsv,S0115,S0037
people,1,111,"[111, 121, 359, 421, 423, 427]","[80, 82, 84, 130, 422, 424]",SCEL.tsv,S0115,S0037
a baby,2,111,[111],[84],SCEL.tsv,S0115,S0037
i mean i,3,111,"[111, 125]","[106, 130]",SCEL.tsv,S0115,S0037
of them,2,152,"[111, 169, 261, 313, 355]","[152, 360]",SCEL.tsv,S0115,S0037
on a,2,182,"[111, 203]",[182],SCEL.tsv,S0115,S0037
might be,2,330,[111],[330],SCEL.tsv,S0115,S0037
well i,2,113,"[113, 313, 329]","[1, 98, 102]",SCEL.tsv,S0115,S0037
i think,2,113,"[113, 115, 127, 153, 157, 225, 239, 241, 243, 255, 257, 261, 283, 309, 313, 329, 331, 341, 347, 369, 385, 397, 419, 421]","[5, 11, 76, 98, 100, 140, 166, 178, 400, 406, 418, 422]",SCEL.tsv,S0115,S0037
yeah well,2,344,"[113, 189, 423]",[344],SCEL.tsv,S0115,S0037
be that,2,115,"[115, 213, 235, 257, 411]","[3, 258, 312]",SCEL.tsv,S0115,S0037
i think it,3,115,"[115, 313, 385, 419, 421]","[5, 98]",SCEL.tsv,S0115,S0037
like i,2,115,[115],"[9, 19, 66, 82, 166, 240, 316, 404, 418]",SCEL.tsv,S0115,S0037
it be,2,115,"[115, 117, 119, 153, 155, 231, 287, 313, 361, 385, 389, 397, 419, 421]","[33, 226, 368, 396, 418, 422, 370]",SCEL.tsv,S0115,S0037
think it,2,115,"[115, 119, 313, 385, 419, 421]","[84, 98, 370]",SCEL.tsv,S0115,S0037
think it be,3,370,"[115, 119, 313, 385, 419]",[370],SCEL.tsv,S0115,S0037
that sort of,3,378,"[115, 331, 389, 395]",[378],SCEL.tsv,S0115,S0037
know,1,117,"[117, 125, 135, 177, 211, 217, 231, 249, 273, 328, 329, 335, 339, 343, 353, 361, 389, 423]","[5, 19, 25, 33, 53, 68, 86, 88, 90, 110, 144, 148, 164, 216, 222, 228, 294, 308, 394, 408, 76, 80, 102, 112, 114, 130, 134, 186, 230, 234, 282, 300, 17]",SCEL.tsv,S0115,S0037
i don't know,3,117,"[117, 135, 177, 211, 217, 231, 273, 335, 339, 353, 389]","[17, 76, 80, 102, 112, 130, 134, 186, 230, 234, 282]",SCEL.tsv,S0115,S0037
say,1,117,"[117, 309, 339, 341, 353, 413, 421]","[17, 66, 414]",SCEL.tsv,S0115,S0037
use,1,117,"[117, 361]","[17, 41]",SCEL.tsv,S0115,S0037
boy,1,117,[117],"[51, 57]",SCEL.tsv,S0115,S0037
don't know,2,117,"[117, 135, 177, 211, 217, 231, 273, 335, 339, 353, 389]","[114, 300]",SCEL.tsv,S0115,S0037
where they,2,244,"[117, 133, 249]",[244],SCEL.tsv,S0115,S0037
that yeah,2,314,"[117, 241]",[314],SCEL.tsv,S0115,S0037
say that,2,414,[117],[414],SCEL.tsv,S0115,S0037
and then,2,119,"[119, 175, 179, 243, 259, 261, 263, 268, 270, 281]","[37, 112, 272, 406]",SCEL.tsv,S0115,S0037
blue,1,119,[119],[112],SCEL.tsv,S0115,S0037
victorian time,2,119,[119],[114],SCEL.tsv,S0115,S0037
time,1,130,"[119, 137, 153, 367, 375, 401, 429]","[130, 182]",SCEL.tsv,S0115,S0037
go,1,121,"[121, 251, 261, 265, 268, 270, 299, 343, 359, 367, 395, 419, 421]","[19, 112, 214, 310, 346, 348, 352]",SCEL.tsv,S0115,S0037
thing,1,121,"[121, 133, 165, 373]","[25, 62, 306, 378, 406]",SCEL.tsv,S0115,S0037
to go,2,121,[121],"[112, 352]",SCEL.tsv,S0115,S0037
sort of like,3,320,[121],[320],SCEL.tsv,S0115,S0037
whatever,1,123,"[123, 333, 357, 391]","[33, 41]",SCEL.tsv,S0115,S0037
the point,2,123,"[123, 313]",[94],SCEL.tsv,S0115,S0037
that uh,2,190,[123],[190],SCEL.tsv,S0115,S0037
i don't really,3,125,"[125, 147]","[5, 148]",SCEL.tsv,S0115,S0037
you know,2,125,"[125, 217, 249, 328, 329, 361, 423]","[5, 25, 33, 53, 68, 86, 88, 90, 144, 222, 308, 394, 408]",SCEL.tsv,S0115,S0037
i i,2,125,"[125, 127, 165, 181, 301, 429]","[19, 404]",SCEL.tsv,S0115,S0037
how they,2,125,[125],[37],SCEL.tsv,S0115,S0037
things but,2,125,[125],[49],SCEL.tsv,S0115,S0037
colour for,2,125,[125],[59],SCEL.tsv,S0115,S0037
colour,1,125,"[125, 127, 129]","[62, 130]",SCEL.tsv,S0115,S0037
yeah i mean,3,125,[125],[94],SCEL.tsv,S0115,S0037
everyone,1,134,[127],[134],SCEL.tsv,S0115,S0037
but that's,2,326,[127],[326],SCEL.tsv,S0115,S0037
bright,1,129,[129],"[59, 62]",SCEL.tsv,S0115,S0037
i suppose,2,129,"[129, 209, 331, 353]","[72, 130, 188]",SCEL.tsv,S0115,S0037
brightly colour,2,130,[129],[130],SCEL.tsv,S0115,S0037
you don't,2,327,"[129, 328]",[327],SCEL.tsv,S0115,S0037
load of,2,131,"[131, 266]","[47, 90]",SCEL.tsv,S0115,S0037
load,1,131,[131],"[47, 90]",SCEL.tsv,S0115,S0037
they have,2,131,"[131, 167, 169, 245, 287]","[112, 194, 212, 244, 248]",SCEL.tsv,S0115,S0037
change,1,134,[131],[134],SCEL.tsv,S0115,S0037
day,1,254,"[131, 328]",[254],SCEL.tsv,S0115,S0037
maybe,1,133,"[133, 211, 261, 328]","[29, 88, 96, 226]",SCEL.tsv,S0115,S0037
would,1,133,"[133, 165, 301, 421]","[74, 106, 322]",SCEL.tsv,S0115,S0037
lady gaga,2,135,[135],[134],SCEL.tsv,S0115,S0037
meat,1,138,[137],[138],SCEL.tsv,S0115,S0037
really sort of,3,141,[141],"[66, 394]",SCEL.tsv,S0115,S0037
it's a,2,143,"[143, 387]","[51, 57, 112]",SCEL.tsv,S0115,S0037
good,1,143,"[143, 167, 183, 213, 235, 243, 261, 287, 419]","[66, 124, 166, 194, 240, 342, 368]",SCEL.tsv,S0115,S0037
madonna,1,144,[143],[144],SCEL.tsv,S0115,S0037
that i,2,147,[147],"[68, 254, 414]",SCEL.tsv,S0115,S0037
yeah uh,2,334,"[151, 159]",[334],SCEL.tsv,S0115,S0037
and it,2,153,[153],[13],SCEL.tsv,S0115,S0037
i've,1,153,"[153, 189, 395]","[17, 41, 43, 148, 182, 198, 222, 398]",SCEL.tsv,S0115,S0037
but it's,2,153,"[153, 223]","[49, 64, 400]",SCEL.tsv,S0115,S0037
time i,2,153,[153],[130],SCEL.tsv,S0115,S0037
jonathan ross,2,153,"[153, 165]",[150],SCEL.tsv,S0115,S0037
friday,1,154,"[153, 155, 157]",[154],SCEL.tsv,S0115,S0037
uh i,2,164,"[153, 181, 235, 243, 331, 341, 353]",[164],SCEL.tsv,S0115,S0037
i watch,2,394,"[153, 157]",[394],SCEL.tsv,S0115,S0037
watch,1,394,"[153, 157]",[394],SCEL.tsv,S0115,S0037
so i think,3,157,"[157, 255]",[11],SCEL.tsv,S0115,S0037
so i,2,157,"[157, 165, 255]","[15, 43, 49]",SCEL.tsv,S0115,S0037
i think i,3,157,[157],"[76, 418]",SCEL.tsv,S0115,S0037
noel field,2,166,"[159, 185, 189]",[166],SCEL.tsv,S0115,S0037
um there be,3,240,[159],[240],SCEL.tsv,S0115,S0037
be there,2,418,"[159, 241, 427]",[418],SCEL.tsv,S0115,S0037
call,1,161,"[161, 205, 283]","[23, 160, 176]",SCEL.tsv,S0115,S0037
comedy,1,161,"[161, 289, 389, 429]",[160],SCEL.tsv,S0115,S0037
noel,1,166,"[161, 205, 249, 275]",[166],SCEL.tsv,S0115,S0037
his brother,2,250,[161],[250],SCEL.tsv,S0115,S0037
him and,2,424,[161],[424],SCEL.tsv,S0115,S0037
on the,2,165,[165],"[5, 66, 154]",SCEL.tsv,S0115,S0037
cos i,2,165,"[165, 185, 301]",[9],SCEL.tsv,S0115,S0037
i like,2,165,"[165, 289]","[9, 106, 130, 166, 240, 316]",SCEL.tsv,S0115,S0037
just sort of,3,165,"[165, 397]",[37],SCEL.tsv,S0115,S0037
i saw,2,165,[165],[70],SCEL.tsv,S0115,S0037
would be,2,165,"[165, 301]",[74],SCEL.tsv,S0115,S0037
saw,1,165,"[165, 181]",[96],SCEL.tsv,S0115,S0037
a few,2,182,"[165, 299, 373, 379]","[182, 288, 404, 406]",SCEL.tsv,S0115,S0037
the uh the,3,276,"[165, 237]",[276],SCEL.tsv,S0115,S0037
no no,2,276,[165],[276],SCEL.tsv,S0115,S0037
of just,2,384,[165],[384],SCEL.tsv,S0115,S0037
just a few,3,404,[165],[404],SCEL.tsv,S0115,S0037
style,1,167,[167],[134],SCEL.tsv,S0115,S0037
definitely,1,167,"[167, 189, 309]",[144],SCEL.tsv,S0115,S0037
they they,2,212,"[167, 265, 270, 283, 287, 303, 331]","[212, 244]",SCEL.tsv,S0115,S0037
have a,2,326,"[167, 245, 287, 415]","[326, 384]",SCEL.tsv,S0115,S0037
together,1,404,[167],"[404, 406]",SCEL.tsv,S0115,S0037
there's the,2,170,"[169, 171]",[170],SCEL.tsv,S0115,S0037
brother,1,250,"[169, 205, 229, 251]",[250],SCEL.tsv,S0115,S0037
gorilla,1,172,"[171, 249]",[172],SCEL.tsv,S0115,S0037
he's,1,181,"[181, 201, 211, 307, 309, 317, 323, 328]","[57, 160, 176, 182, 198, 264, 304, 316, 320]",SCEL.tsv,S0115,S0037
as well,2,183,"[183, 289]","[51, 86, 176]",SCEL.tsv,S0115,S0037
of stuff,2,183,[183],[130],SCEL.tsv,S0115,S0037
and but,2,400,[183],[400],SCEL.tsv,S0115,S0037
yeah but um,3,185,[185],[7],SCEL.tsv,S0115,S0037
yeah but,2,185,"[185, 307, 409]","[61, 128, 326, 352, 368]",SCEL.tsv,S0115,S0037
costume,1,185,"[185, 189]",[134],SCEL.tsv,S0115,S0037
stuff and,2,188,[185],[188],SCEL.tsv,S0115,S0037
be do,2,400,"[185, 329]",[400],SCEL.tsv,S0115,S0037
there's definitely,2,189,[189],[144],SCEL.tsv,S0115,S0037
well there's,2,189,[189],[170],SCEL.tsv,S0115,S0037
i've see,2,189,[189],[182],SCEL.tsv,S0115,S0037
get the,2,222,"[189, 225]",[222],SCEL.tsv,S0115,S0037
some of the,3,191,"[191, 243, 397]",[88],SCEL.tsv,S0115,S0037
character,1,194,[193],[194],SCEL.tsv,S0115,S0037
head,1,197,"[197, 201]","[194, 196]",SCEL.tsv,S0115,S0037
yeah you,2,384,[197],[384],SCEL.tsv,S0115,S0037
tony harrison,2,200,[199],[200],SCEL.tsv,S0115,S0037
little,1,201,"[201, 266]","[1, 43, 49, 51, 57, 68, 70]",SCEL.tsv,S0115,S0037
come,1,201,"[201, 328, 343]","[37, 406]",SCEL.tsv,S0115,S0037
he's a,2,316,[201],"[316, 320]",SCEL.tsv,S0115,S0037
around,1,203,"[203, 359]","[41, 114]",SCEL.tsv,S0115,S0037
wizards,1,204,[203],[204],SCEL.tsv,S0115,S0037
and they,2,258,"[203, 251, 265, 270]",[258],SCEL.tsv,S0115,S0037
be in the,3,348,[203],[348],SCEL.tsv,S0115,S0037
i'm,1,209,"[209, 328]","[59, 62, 260, 400, 402, 406, 76, 220]",SCEL.tsv,S0115,S0037
i'm not sure,3,209,[209],"[76, 220]",SCEL.tsv,S0115,S0037
noel field i,3,211,[211],[166],SCEL.tsv,S0115,S0037
or something or,3,372,[211],[372],SCEL.tsv,S0115,S0037
really good,2,213,"[213, 419]","[66, 240]",SCEL.tsv,S0115,S0037
that be really,3,213,[213],[92],SCEL.tsv,S0115,S0037
be really good,3,213,"[213, 419]",[166],SCEL.tsv,S0115,S0037
yeah that be,3,213,[213],[202],SCEL.tsv,S0115,S0037
have that,2,254,"[213, 283]",[254],SCEL.tsv,S0115,S0037
but it,2,368,[213],[368],SCEL.tsv,S0115,S0037
somewhere,1,236,[215],[236],SCEL.tsv,S0115,S0037
if you,2,217,"[217, 343]","[72, 96, 322, 348]",SCEL.tsv,S0115,S0037
don't know if,3,217,"[217, 231]",[114],SCEL.tsv,S0115,S0037
i don't know if,4,217,"[217, 231]",[130],SCEL.tsv,S0115,S0037
know if,2,217,"[217, 231, 343]",[164],SCEL.tsv,S0115,S0037
it's just,2,219,"[219, 223, 343, 397]",[88],SCEL.tsv,S0115,S0037
just that,2,223,[223],[138],SCEL.tsv,S0115,S0037
the box,2,223,"[223, 227]",[222],SCEL.tsv,S0115,S0037
lose,1,225,[225],[218],SCEL.tsv,S0115,S0037
cd,1,254,[225],[254],SCEL.tsv,S0115,S0037
be in,2,348,"[225, 237]",[348],SCEL.tsv,S0115,S0037
be but,2,227,[227],"[11, 422]",SCEL.tsv,S0115,S0037
there be a,3,288,"[229, 241, 243, 347]",[288],SCEL.tsv,S0115,S0037
but i don't know,4,231,[231],"[17, 80]",SCEL.tsv,S0115,S0037
ever,1,231,"[231, 373, 395]","[41, 264]",SCEL.tsv,S0115,S0037
out of,2,406,[231],[406],SCEL.tsv,S0115,S0037
we'll,1,235,[235],[188],SCEL.tsv,S0115,S0037
of that,2,237,[237],"[5, 160, 208, 292]",SCEL.tsv,S0115,S0037
show,1,237,"[237, 289, 297, 299, 373, 375]","[152, 210, 212, 372]",SCEL.tsv,S0115,S0037
of it,2,237,"[237, 371, 385, 421]","[162, 422]",SCEL.tsv,S0115,S0037
better than,2,237,[237],[166],SCEL.tsv,S0115,S0037
series,1,237,"[237, 243, 245, 293]","[208, 246, 292]",SCEL.tsv,S0115,S0037
live,1,237,"[237, 249, 270]",[212],SCEL.tsv,S0115,S0037
even,1,237,[237],"[222, 224, 254, 394]",SCEL.tsv,S0115,S0037
copy,1,384,"[237, 383]",[384],SCEL.tsv,S0115,S0037
think there,2,241,"[241, 243]",[106],SCEL.tsv,S0115,S0037
and that,2,241,[241],[188],SCEL.tsv,S0115,S0037
beta max,2,242,[241],[242],SCEL.tsv,S0115,S0037
first,1,243,[243],[112],SCEL.tsv,S0115,S0037
episodes,1,243,"[243, 255]","[240, 260]",SCEL.tsv,S0115,S0037
second series,2,246,[243],[246],SCEL.tsv,S0115,S0037
the first,2,406,[243],[406],SCEL.tsv,S0115,S0037
yeah some of,3,422,[243],[422],SCEL.tsv,S0115,S0037
like the,2,245,"[245, 315]","[5, 55, 130, 244, 406]",SCEL.tsv,S0115,S0037
i didn't,2,245,[245],[164],SCEL.tsv,S0115,S0037
uh the,2,276,"[245, 375]",[276],SCEL.tsv,S0115,S0037
the uh,2,276,"[249, 270]",[276],SCEL.tsv,S0115,S0037
the best,2,255,"[255, 285]",[166],SCEL.tsv,S0115,S0037
the second,2,255,[255],[246],SCEL.tsv,S0115,S0037
favourite,1,414,"[255, 289, 373, 415]",[414],SCEL.tsv,S0115,S0037
tundra,1,257,[257],[240],SCEL.tsv,S0115,S0037
yeah there be,3,288,[257],[288],SCEL.tsv,S0115,S0037
they go,2,261,"[261, 265, 268, 270]",[19],SCEL.tsv,S0115,S0037
one of,2,261,"[261, 289, 353]","[23, 152, 384]",SCEL.tsv,S0115,S0037
lake,1,262,"[261, 265, 268]",[262],SCEL.tsv,S0115,S0037
go out,2,310,"[261, 268, 270]",[310],SCEL.tsv,S0115,S0037
and then they,3,263,"[263, 270]",[112],SCEL.tsv,S0115,S0037
a little,2,266,[266],"[1, 43, 57]",SCEL.tsv,S0115,S0037
with load of,3,266,[266],[90],SCEL.tsv,S0115,S0037
then they,2,268,"[268, 379]",[112],SCEL.tsv,S0115,S0037
black,1,268,[268],[262],SCEL.tsv,S0115,S0037
catch,1,270,[270],[160],SCEL.tsv,S0115,S0037
they sort of,3,270,"[270, 301]",[260],SCEL.tsv,S0115,S0037
sorry,1,296,"[270, 353]","[296, 408, 410]",SCEL.tsv,S0115,S0037
get you,2,394,[270],[394],SCEL.tsv,S0115,S0037
the other way,3,275,[275],[114],SCEL.tsv,S0115,S0037
or the,2,275,[275],[174],SCEL.tsv,S0115,S0037
the other,2,275,"[275, 353]","[204, 254, 276]",SCEL.tsv,S0115,S0037
fall in love,3,275,"[275, 277]",[272],SCEL.tsv,S0115,S0037
fall in love with,4,275,"[275, 277]",[274],SCEL.tsv,S0115,S0037
yeah he,2,283,"[283, 425]",[166],SCEL.tsv,S0115,S0037
love,1,283,[283],"[272, 274]",SCEL.tsv,S0115,S0037
game,1,360,[283],[360],SCEL.tsv,S0115,S0037
but that,2,406,[283],[406],SCEL.tsv,S0115,S0037
they've,1,285,"[285, 305, 373]",[212],SCEL.tsv,S0115,S0037
they do,2,287,"[287, 303, 331, 379]","[210, 212]",SCEL.tsv,S0115,S0037
they they have,3,287,[287],[244],SCEL.tsv,S0115,S0037
but it be,3,368,[287],[368],SCEL.tsv,S0115,S0037
idea,1,384,[287],[384],SCEL.tsv,S0115,S0037
like that,2,289,"[289, 293, 328]","[51, 240, 362, 378, 92]",SCEL.tsv,S0115,S0037
like that be,3,289,[289],[92],SCEL.tsv,S0115,S0037
i like like,3,289,[289],[240],SCEL.tsv,S0115,S0037
wouldn't it,2,299,[299],[124],SCEL.tsv,S0115,S0037
can't remember,2,301,[301],[17],SCEL.tsv,S0115,S0037
what's,1,301,"[301, 391]","[160, 166, 190]",SCEL.tsv,S0115,S0037
remember,1,301,"[301, 341]","[184, 194, 240, 260]",SCEL.tsv,S0115,S0037
mitchell,1,304,[301],[304],SCEL.tsv,S0115,S0037
they they do,3,303,"[303, 331]",[212],SCEL.tsv,S0115,S0037
isn't he,2,307,"[307, 323]","[112, 176, 304, 320]",SCEL.tsv,S0115,S0037
david mitchell,2,307,"[307, 353]",[304],SCEL.tsv,S0115,S0037
want,1,309,"[309, 328]","[84, 322, 326, 327]",SCEL.tsv,S0115,S0037
be it not,3,311,[311],"[112, 154]",SCEL.tsv,S0115,S0037
a rumour,2,312,[311],[312],SCEL.tsv,S0115,S0037
be so,2,313,[313],"[9, 112, 396, 418]",SCEL.tsv,S0115,S0037
be really,2,313,"[313, 419]","[92, 166]",SCEL.tsv,S0115,S0037
two,1,400,[313],"[400, 404, 406]",SCEL.tsv,S0115,S0037
him in,2,315,[315],[57],SCEL.tsv,S0115,S0037
he's a bite funny,4,317,[317],[316],SCEL.tsv,S0115,S0037
funny,1,317,"[317, 319]","[316, 318]",SCEL.tsv,S0115,S0037
ha ha funny,3,318,[317],[318],SCEL.tsv,S0115,S0037
he's a bite,3,320,[317],[320],SCEL.tsv,S0115,S0037
ooh,1,322,[319],[322],SCEL.tsv,S0115,S0037
i dunno,2,323,[323],[76],SCEL.tsv,S0115,S0037
i dunno but,3,323,[323],[88],SCEL.tsv,S0115,S0037
clive anderson,2,327,[323],[327],SCEL.tsv,S0115,S0037
be like,2,328,"[328, 353]","[9, 194, 322, 394]",SCEL.tsv,S0115,S0037
like you,2,328,"[328, 361]","[21, 53, 68, 88, 112, 350]",SCEL.tsv,S0115,S0037
hard,1,328,"[328, 401, 419]","[31, 394, 406]",SCEL.tsv,S0115,S0037
he's not,2,328,[328],"[57, 316]",SCEL.tsv,S0115,S0037
don't want,2,328,[328],[84],SCEL.tsv,S0115,S0037
home,1,328,[328],[88],SCEL.tsv,S0115,S0037
someone,1,328,[328],[114],SCEL.tsv,S0115,S0037
stage,1,328,[328],"[210, 212]",SCEL.tsv,S0115,S0037
be like ooh,3,328,[328],[322],SCEL.tsv,S0115,S0037
you don't want,3,328,[328],[327],SCEL.tsv,S0115,S0037
but i don't,3,329,[329],"[17, 80]",SCEL.tsv,S0115,S0037
do that,2,329,[329],"[306, 308, 338]",SCEL.tsv,S0115,S0037
it's like,2,331,[331],"[21, 27, 49, 66]",SCEL.tsv,S0115,S0037
it's like a,3,331,[331],[25],SCEL.tsv,S0115,S0037
they're not,2,331,[331],[51],SCEL.tsv,S0115,S0037
in that,2,331,[331],[57],SCEL.tsv,S0115,S0037
or like,2,331,[331],"[88, 92, 386]",SCEL.tsv,S0115,S0037
to be a,3,331,[331],[124],SCEL.tsv,S0115,S0037
cross,1,334,"[331, 333, 335, 337, 353]",[334],SCEL.tsv,S0115,S0037
know what,2,335,[335],"[5, 25, 53]",SCEL.tsv,S0115,S0037
i don't know what,4,335,[335],[17],SCEL.tsv,S0115,S0037
i just,2,339,[339],"[15, 37, 41, 404, 406]",SCEL.tsv,S0115,S0037
i didn't know,3,339,[339],[164],SCEL.tsv,S0115,S0037
i don't know i,4,339,[339],[282],SCEL.tsv,S0115,S0037
know i,2,339,[339],"[282, 394]",SCEL.tsv,S0115,S0037
i just i,3,404,[339],[404],SCEL.tsv,S0115,S0037
think it's,2,341,"[341, 397]","[82, 108, 394]",SCEL.tsv,S0115,S0037
boris,1,342,"[341, 343]",[342],SCEL.tsv,S0115,S0037
boris johnson,2,346,[341],[346],SCEL.tsv,S0115,S0037
i'd,1,343,"[343, 371]",[254],SCEL.tsv,S0115,S0037
kind of,2,343,"[343, 381, 389]",[260],SCEL.tsv,S0115,S0037
boris johnson go to,4,346,[343],[346],SCEL.tsv,S0115,S0037
go to,2,346,[343],"[346, 348, 352]",SCEL.tsv,S0115,S0037
think so,2,347,[347],"[96, 98]",SCEL.tsv,S0115,S0037
i think so,3,347,[347],"[178, 400]",SCEL.tsv,S0115,S0037
the bullingdon club,3,348,"[347, 351]",[348],SCEL.tsv,S0115,S0037
there with,2,418,[347],[418],SCEL.tsv,S0115,S0037
where be,2,351,[351],[246],SCEL.tsv,S0115,S0037
i be,2,353,"[353, 413]","[1, 43, 82]",SCEL.tsv,S0115,S0037
no i don't,3,353,"[353, 389]",[96],SCEL.tsv,S0115,S0037
uh oh,2,353,[353],[286],SCEL.tsv,S0115,S0037
johnson,1,353,[353],[346],SCEL.tsv,S0115,S0037
eton,1,353,[353],"[346, 348]",SCEL.tsv,S0115,S0037
bullingdon club,2,353,[353],[348],SCEL.tsv,S0115,S0037
be say,2,414,[353],[414],SCEL.tsv,S0115,S0037
it wasn't,2,422,"[355, 389]",[422],SCEL.tsv,S0115,S0037
have like,2,361,[361],"[9, 72, 212, 244, 248]",SCEL.tsv,S0115,S0037
many,1,361,[361],"[17, 360]",SCEL.tsv,S0115,S0037
just have,2,361,[361],[41],SCEL.tsv,S0115,S0037
like you know,3,361,[361],"[53, 68, 88]",SCEL.tsv,S0115,S0037
be just,2,361,"[361, 397]",[194],SCEL.tsv,S0115,S0037
it be just,3,370,"[361, 397]","[370, 422]",SCEL.tsv,S0115,S0037
long,1,367,"[367, 375, 429]",[282],SCEL.tsv,S0115,S0037
sketch show,2,373,[373],[372],SCEL.tsv,S0115,S0037
start,1,375,"[375, 403]","[37, 49, 306, 308, 404, 406]",SCEL.tsv,S0115,S0037
stage show,2,375,[375],"[210, 212]",SCEL.tsv,S0115,S0037
ago,1,404,[375],"[404, 406]",SCEL.tsv,S0115,S0037
things like,2,379,[379],[130],SCEL.tsv,S0115,S0037
a few things,3,379,[379],[182],SCEL.tsv,S0115,S0037
that one that be,4,381,[381],[194],SCEL.tsv,S0115,S0037
of like,2,381,"[381, 389]",[320],SCEL.tsv,S0115,S0037
accuse,1,384,[383],[384],SCEL.tsv,S0115,S0037
sort of um,3,394,"[385, 397]",[394],SCEL.tsv,S0115,S0037
of it be,3,422,[385],[422],SCEL.tsv,S0115,S0037
mockumentary,1,387,[387],[386],SCEL.tsv,S0115,S0037
as a,2,389,[389],[21],SCEL.tsv,S0115,S0037
of a,2,389,[389],[33],SCEL.tsv,S0115,S0037
a bite like,3,389,[389],[94],SCEL.tsv,S0115,S0037
alan partridge,2,394,"[391, 397]","[394, 414]",SCEL.tsv,S0115,S0037
well yeah,2,395,[395],[61],SCEL.tsv,S0115,S0037
borat,1,395,"[395, 413, 419]","[394, 414]",SCEL.tsv,S0115,S0037
but the,2,397,[397],"[9, 400, 406]",SCEL.tsv,S0115,S0037
play,1,397,[397],[170],SCEL.tsv,S0115,S0037
in it,2,397,[397],[188],SCEL.tsv,S0115,S0037
make a,2,399,[399],"[1, 142, 398]",SCEL.tsv,S0115,S0037
your knit,2,399,[399],[9],SCEL.tsv,S0115,S0037
have you,2,399,[399],"[160, 162, 264, 340]",SCEL.tsv,S0115,S0037
the same,2,401,[401],[370],SCEL.tsv,S0115,S0037
hard to,2,401,[401],[394],SCEL.tsv,S0115,S0037
but you,2,403,[403],"[352, 408]",SCEL.tsv,S0115,S0037
start it,2,406,[403],[406],SCEL.tsv,S0115,S0037
cool,1,411,[411],[74],SCEL.tsv,S0115,S0037
what you,2,411,[411],[326],SCEL.tsv,S0115,S0037
i say,2,413,[413],"[66, 414]",SCEL.tsv,S0115,S0037
but i think it,4,419,[419],[98],SCEL.tsv,S0115,S0037
it's really,2,419,[419],[394],SCEL.tsv,S0115,S0037
it do,2,421,[421],[37],SCEL.tsv,S0115,S0037
but some of,3,421,[421],[64],SCEL.tsv,S0115,S0037
but some of it,4,422,[421],[422],SCEL.tsv,S0115,S0037
some of it be,4,422,[421],[422],SCEL.tsv,S0115,S0037
well he,2,423,[423],[342],SCEL.tsv,S0115,S0037
though,1,429,[429],"[5, 31, 100, 142, 296, 330, 362]",SCEL.tsv,S0115,S0037
